8
0 78 89 42 28 71 50 47
78 0 37 90 72 97 61 27
89 37 0 41 14 51 40 67
42 90 41 0 47 88 98 29
28 72 14 47 0 13 58 11
71 97 51 88 13 0 49 47
50 61 40 98 58 49 0 33
47 27 67 29 11 47 33 0