8
0 79 36 49 90 49 45 85
79 0 12 65 10 30 86 87
36 12 0 50 99 34 90 47
49 65 50 0 51 26 58 25
90 10 99 51 0 91 40 50
49 30 34 26 91 0 42 27
45 86 90 58 40 42 0 46
85 87 47 25 50 27 46 0