8
0 61 81 26 95 80 27 90
61 0 36 23 26 13 63 51
81 36 0 24 29 86 68 24
26 23 24 0 73 72 14 41
95 26 29 73 0 17 47 71
80 13 86 72 17 0 44 28
27 63 68 14 47 44 0 35
90 51 24 41 71 28 35 0